0

3
10	7	5	1	
0

1

4
10	7	5	1	
1

2

5
10	7	5	1	
2

3

5
10	11	12	13	1	
1
6	7	5	1	
2

4

6
10	11	12	13	1	
1
6	7	5	1	
3

5

6
10	11	12	13	1	
2
6	7	5	1	
3

6

6
10	11	12	13	1	
2
6	7	5	1	
3
2	15	16	17	18	1	
1

7

7
10	11	12	13	1	
3
6	7	5	1	
4

8

7
10	11	12	13	1	
2
6	7	5	1	
4
2	15	16	17	18	1	
2

9

7
10	11	12	13	1	
3
6	7	5	1	
4
2	15	16	17	18	1	
2

10

7
14	3	4	5	1	
2
10	11	12	13	1	
3
6	7	8	9	1	
3
2	15	16	17	18	1	
2

11

7
14	3	4	5	1	
3
10	11	12	13	1	
3
6	7	8	9	1	
3
2	15	16	17	18	1	
2

12

8
10	11	12	13	1	
4
6	7	5	1	
5
2	15	16	17	18	1	
3

13

8
14	3	4	5	1	
2
10	11	12	13	1	
4
6	7	8	9	1	
4
2	15	16	17	18	1	
3

14

8
14	3	4	5	1	
3
10	11	12	13	1	
4
6	7	8	9	1	
4
2	15	16	17	18	1	
3

15

8
14	3	4	5	1	
4
10	11	12	13	1	
4
6	7	8	9	1	
4
2	15	16	17	18	1	
3

16

9
14	3	4	5	1	
2
10	11	12	13	1	
5
6	7	8	9	1	
5
2	15	16	17	18	1	
4

17

9
14	3	4	5	1	
3
10	11	12	13	1	
5
6	7	8	9	1	
5
2	15	16	17	18	1	
4

18

9
14	3	4	5	1	
4
10	11	12	13	1	
5
6	7	8	9	1	
5
2	15	16	17	18	1	
4

19

9
14	3	4	5	1	
5
10	11	12	13	1	
5
6	7	8	9	1	
5
2	15	16	17	18	1	
4

20

10
14	3	4	5	1	
3
10	11	12	13	1	
6
6	7	8	9	1	
6
2	15	16	17	18	1	
5

21

10
14	3	4	5	1	
4
10	11	12	13	1	
6
6	7	8	9	1	
6
2	15	16	17	18	1	
5

22

10
14	3	4	5	1	
5
10	11	12	13	1	
6
6	7	8	9	1	
6
2	15	16	17	18	1	
5

23

10
14	3	4	5	1	
6
10	11	12	13	1	
6
6	7	8	9	1	
6
2	15	16	17	18	1	
5

24

11
14	3	4	5	1	
4
10	11	12	13	1	
7
6	7	8	9	1	
7
2	15	16	17	18	1	
6

25

11
14	3	4	5	1	
5
10	11	12	13	1	
7
6	7	8	9	1	
7
2	15	16	17	18	1	
6

26

11
14	3	4	5	1	
6
10	11	12	13	1	
7
6	7	8	9	1	
7
2	15	16	17	18	1	
6

27

11
14	3	4	5	1	
7
10	11	12	13	1	
7
6	7	8	9	1	
7
2	15	16	17	18	1	
6

28

12
14	3	4	5	1	
5
10	11	12	13	1	
8
6	7	8	9	1	
8
2	15	16	17	18	1	
7

29

12
14	3	4	5	1	
6
10	11	12	13	1	
8
6	7	8	9	1	
8
2	15	16	17	18	1	
7

